1.0	0.310930701396828
2.0	0.6247476445519272
3.0	0.9316710012364505
4.0	1.2403227209915286
5.0	1.5507111671451541
6.0	1.8628498051608327
7.0	2.172671983212513
8.0	2.4863543659414664
9.0	2.7962339364554514
10.0	3.1081554579793154
11.0	3.422772250886892
12.0	3.7356691677465568
13.0	4.051178132521371
14.0	4.368654267969581
15.0	4.682113367850376
16.0	4.998193262677805
17.0	5.3104051976686915
18.0	5.622515347559976
19.0	5.90682632031406
20.0	6.092930576076903
21.0	6.203010402322934
22.0	6.288647028652303
23.0	6.3736991381964545
24.0	6.49991421382894
25.0	6.636478163845567
26.0	6.77771725016131
27.0	6.932583371641425
28.0	7.094952778375583
29.0	7.273035857525992
30.0	7.4620411007311045
31.0	7.623265041613814
32.0	7.730672021827219
33.0	7.844316857137491
34.0	7.972719101135549
35.0	8.102658461002319
36.0	8.252184972713534
37.0	8.402659817136382
38.0	8.56245753240025
39.0	8.739158390007052
40.0	8.917061336840232
41.0	9.103344681746272
42.0	9.305817747680734
43.0	9.507885130707653
44.0	9.718773352250526
45.0	9.936092880429808
46.0	10.160851507333877
47.0	10.399651704599007
48.0	10.637294777813821
49.0	10.881571130284376
50.0	11.13166455415395
51.0	11.38684645940908
52.0	11.647528385778458
53.0	11.913745474222281
54.0	12.184892517306887
55.0	12.468225055028807
56.0	12.748279869740553
57.0	13.032515869850599
58.0	13.3224716792635
59.0	13.61442354263212
60.0	13.911803244439724
61.0	14.211357743484163
62.0	14.51377304002911
63.0	14.819676440058544
64.0	15.131849783190749
65.0	15.442276358460118
66.0	15.759696054119994
67.0	16.077064137324538
68.0	16.397824201902583
69.0	16.720655299485117
70.0	17.044508103751124
71.0	17.375220936784995
72.0	17.704271468046404
73.0	18.03369139611197
74.0	18.366514837505875
75.0	18.702724926281423
76.0	19.042302327440385
77.0	19.37869134760387
78.0	19.714884675928744
79.0	20.061276465470755
80.0	20.406386181393234
81.0	20.747227816680677
82.0	21.090631376769608
83.0	21.436574065456362
84.0	21.785033336919113
85.0	22.136211104221566
86.0	22.48162674390745
87.0	22.829210477001475
88.0	23.178944746951572
89.0	23.530813683686002
90.0	23.880235461843988
91.0	24.236136636087345
92.0	24.58102976785831
93.0	24.944818539206672
94.0	25.28865549738451
95.0	25.643325360238933
96.0	25.998887906995222
97.0	26.347534672108065
98.0	26.70141780982093
99.0	27.058046814413583
100.0	27.414952383592706
101.0	27.76515271939745
102.0	28.119961061927373
103.0	28.473142590334408
104.0	28.830797738158
105.0	29.17163850178664
106.0	29.53207134591885
107.0	29.88848038673291
108.0	30.233842144359045
109.0	30.58774669084089
110.0	30.937658696342606
111.0	31.29395273284365
112.0	31.63991410780793
113.0	31.988981663678427
114.0	32.33972248358391
115.0	32.69241497868085
116.0	33.033462516417
117.0	33.38618500802236
118.0	33.73095024257024
119.0	34.07305601719657
120.0	34.45821398254874
121.0	34.85713443675543
122.0	35.25308243746025
123.0	35.646820675569224
124.0	36.04756454842218
125.0	36.469466057706235
126.0	36.93112414589185
127.0	37.409586754836916
128.0	37.89396153137687
129.0	38.39305092709071
130.0	38.87663857919588
131.0	39.37621540994563
132.0	39.88089858005515
133.0	40.38815030786003
134.0	40.88997571293961
135.0	41.388544668679735
136.0	41.889495235989635
137.0	42.3852160443798
138.0	42.875899089822376
139.0	43.38916716310463
140.0	43.885698692499176
141.0	44.36166831963764
142.0	44.867829693257185
143.0	45.357909380185895
144.0	45.85380312049556
145.0	46.33428051864713
146.0	46.82069834605516
147.0	47.31646451633098
148.0	47.80005770845015
149.0	48.27750382869614
150.0	48.75958357245933
151.0	49.237422429440265
152.0	49.71120967735892
153.0	50.19432263433041
154.0	50.666036851478985
155.0	51.14978854562916
156.0	51.62091205391756
157.0	52.08783652389269
158.0	52.57186005130222
159.0	53.032337403185196
160.0	53.51492003496129
161.0	53.96894870736924
162.0	54.43930813147531
163.0	54.89813791802184
164.0	55.362560229171685
165.0	55.83451100017308
166.0	56.3084851550107
167.0	56.76954839792184
168.0	57.232966693088855
169.0	57.69385107814702
170.0	58.15696267169602
171.0	58.61775179789097
172.0	59.071623835355176
173.0	59.545145639224636
174.0	60.007707917038125
175.0	60.47236342159002
176.0	60.926738716042806
177.0	61.39530302813302
178.0	61.8498520312726
179.0	62.31092272562923
180.0	62.77793125200657
181.0	63.24304447466768
182.0	63.706366128444614
183.0	64.1685619272606
184.0	64.63214767842582
185.0	65.09408975857706
186.0	65.55513669734121
187.0	66.03245345061875
188.0	66.49057183295074
189.0	66.9499034484392
190.0	67.42025757170032
191.0	67.89542952603475
192.0	68.35168606720208
193.0	68.82421770398689
194.0	69.29261256743501
195.0	69.765534802763
196.0	70.23722296394277
197.0	70.70240009153841
198.0	71.17197509939312
199.0	71.64410722136681
200.0	72.12543283200448
201.0	72.59312572429741
202.0	73.06616743207496
203.0	73.5456808590138
204.0	74.03123459168351
205.0	74.49791929192918
206.0	74.98035722245456
207.0	75.4608012362493
208.0	75.94365375024125
209.0	76.42434691634968
210.0	76.90407286680365
211.0	77.38668323003071
212.0	77.88030199498827
213.0	78.36047306767821
214.0	78.85152952944581
215.0	79.32901221533682
216.0	79.81715503039986
217.0	80.29787164634034
218.0	80.78427504728212
219.0	81.26985108767417
220.0	81.756060111369
221.0	82.240804753483
222.0	82.73142573874112
223.0	83.20938596502495
224.0	83.6819463108471
225.0	84.16579307335175
226.0	84.63021683589619
227.0	85.10311593037241
228.0	85.57083376895115
229.0	86.03142977211562
230.0	86.48663320294499
231.0	86.9321223215694
232.0	87.3695810962673
233.0	87.79937383275151
234.0	88.21747348927977
235.0	88.634060420569
236.0	89.03313785796608
237.0	89.42688183252113
238.0	89.80745472908293
239.0	90.17819502131384
240.0	90.52668268203583
241.0	90.87675904652097
242.0	91.20726029226637
243.0	91.52555349634567
244.0	91.8296808282882
245.0	92.12849305625087
246.0	92.40748206147146
247.0	92.68239392733103
248.0	92.94428872336185
249.0	93.19653867029244
250.0	93.43885484271576
251.0	93.67030435319015
252.0	93.86355780081503
253.0	94.01080328957649
254.0	94.15113199386012
255.0	94.28916758344863
